{
 "cells": [
  {
   "cell_type": "code",
   "execution_count": 1,
   "id": "6c3fa73a",
   "metadata": {},
   "outputs": [],
   "source": [
    "import numpy as np\n",
    "import math"
   ]
  },
  {
   "cell_type": "code",
   "execution_count": 2,
   "id": "8d8f0fc9",
   "metadata": {},
   "outputs": [
    {
     "data": {
      "text/plain": [
       "2084"
      ]
     },
     "execution_count": 2,
     "metadata": {},
     "output_type": "execute_result"
    }
   ],
   "source": [
    "#reading data points 1\n",
    "pts = np.zeros((1,2))\n",
    "i=0\n",
    "with open(r'./SpectData.txt') as file:\n",
    "    for readline in file:\n",
    "        line_strip = readline.strip() # removing \\n\n",
    "        point = line_strip.split('\\t') # removing \\t\n",
    "\n",
    "        if(i==0):\n",
    "            pts[0]=point\n",
    "        else:\n",
    "            pts=np.append(pts,np.array([point]),axis=0)  \n",
    "        i+=1             \n",
    "data=pts.astype(float)\n",
    "\n",
    "data[0]\n",
    "len(data)"
   ]
  },
  {
   "cell_type": "code",
   "execution_count": 3,
   "id": "d1ee95ca",
   "metadata": {},
   "outputs": [],
   "source": [
    "def weightFunc(pts,sigma):\n",
    "    res=np.zeros((len(pts),len(pts)))\n",
    "    for i in range(len(pts)):\n",
    "        for j in range(len(pts)):\n",
    "            if(i != j):\n",
    "                calc=math.exp((-1*(math.sqrt((pts[i][0]-pts[j][0])**2+(pts[i][1]-pts[j][1])**2))**2)/(2*(sigma**2)))\n",
    "                res[i][j] = calc          \n",
    "    return(res)\n"
   ]
  },
  {
   "cell_type": "code",
   "execution_count": 4,
   "id": "a2b82602",
   "metadata": {},
   "outputs": [],
   "source": [
    "sigma = np.arange(0.01, 1.01, 0.01).tolist()\n",
    "W = []\n",
    "for i in range(len(sigma)):\n",
    "    W.append(weightFunc(data,sigma[i]))"
   ]
  },
  {
   "cell_type": "code",
   "execution_count": 5,
   "id": "0325a9de",
   "metadata": {},
   "outputs": [],
   "source": [
    "def getD(W):\n",
    "    D = np.zeros((len(W),len(W)))\n",
    "    for i in range(len(W)):\n",
    "        count = 0\n",
    "        for j in range(len(W)):\n",
    "            count += W[i][j]\n",
    "        D[i][i] = count \n",
    "    return D"
   ]
  },
  {
   "cell_type": "code",
   "execution_count": 6,
   "id": "7e062501",
   "metadata": {},
   "outputs": [],
   "source": [
    "D = []\n",
    "for i in range(len(sigma)):\n",
    "    D.append(getD(W[i]))"
   ]
  },
  {
   "cell_type": "code",
   "execution_count": 7,
   "id": "98e5765a",
   "metadata": {},
   "outputs": [
    {
     "name": "stdout",
     "output_type": "stream",
     "text": [
      "[array([[ 1.34986519e-01, -1.95337460e-40,  0.00000000e+00, ...,\n",
      "         0.00000000e+00,  0.00000000e+00,  0.00000000e+00],\n",
      "       [-1.95337460e-40,  2.14561371e+00,  0.00000000e+00, ...,\n",
      "         0.00000000e+00,  0.00000000e+00,  0.00000000e+00],\n",
      "       [ 0.00000000e+00,  0.00000000e+00,  7.19853994e+00, ...,\n",
      "         0.00000000e+00,  0.00000000e+00,  0.00000000e+00],\n",
      "       ...,\n",
      "       [ 0.00000000e+00,  0.00000000e+00,  0.00000000e+00, ...,\n",
      "         3.06000464e+00, -6.06530660e-01, -1.35335283e-01],\n",
      "       [ 0.00000000e+00,  0.00000000e+00,  0.00000000e+00, ...,\n",
      "        -6.06530660e-01,  3.14296132e+00, -6.06530660e-01],\n",
      "       [ 0.00000000e+00,  0.00000000e+00,  0.00000000e+00, ...,\n",
      "        -1.35335283e-01, -6.06530660e-01,  3.18974674e+00]]), array([[ 3.11729589e+00, -1.18221478e-10,  0.00000000e+00, ...,\n",
      "         0.00000000e+00,  0.00000000e+00,  0.00000000e+00],\n",
      "       [-1.18221478e-10,  5.75083562e+00,  0.00000000e+00, ...,\n",
      "         0.00000000e+00,  0.00000000e+00,  0.00000000e+00],\n",
      "       [ 0.00000000e+00,  0.00000000e+00,  1.48832397e+01, ...,\n",
      "         0.00000000e+00,  0.00000000e+00,  0.00000000e+00],\n",
      "       ...,\n",
      "       [ 0.00000000e+00,  0.00000000e+00,  0.00000000e+00, ...,\n",
      "         6.87953954e+00, -8.82496903e-01, -6.06530660e-01],\n",
      "       [ 0.00000000e+00,  0.00000000e+00,  0.00000000e+00, ...,\n",
      "        -8.82496903e-01,  7.14687367e+00, -8.82496903e-01],\n",
      "       [ 0.00000000e+00,  0.00000000e+00,  0.00000000e+00, ...,\n",
      "        -6.06530660e-01, -8.82496903e-01,  7.07623456e+00]]), array([[ 7.27496957e+000, -3.87137338e-005, -2.17181852e-306, ...,\n",
      "         0.00000000e+000,  0.00000000e+000,  0.00000000e+000],\n",
      "       [-3.87137338e-005,  8.97415946e+000, -1.06518925e-269, ...,\n",
      "         0.00000000e+000,  0.00000000e+000,  0.00000000e+000],\n",
      "       [-2.17181852e-306, -1.06518925e-269,  2.39143150e+001, ...,\n",
      "        -1.77946617e-201, -1.73364270e-198, -1.51138293e-195],\n",
      "       ...,\n",
      "       [ 0.00000000e+000,  0.00000000e+000, -1.77946617e-201, ...,\n",
      "         1.03827021e+001, -9.45959469e-001, -8.00737403e-001],\n",
      "       [ 0.00000000e+000,  0.00000000e+000, -1.73364270e-198, ...,\n",
      "        -9.45959469e-001,  1.04641828e+001, -9.45959469e-001],\n",
      "       [ 0.00000000e+000,  0.00000000e+000, -1.51138293e-195, ...,\n",
      "        -8.00737403e-001, -9.45959469e-001,  1.03012800e+001]]), array([[ 1.11107004e+001, -3.29741870e-003, -1.16001402e-172, ...,\n",
      "        -2.03800871e-263, -4.01558604e-264, -7.43273128e-265],\n",
      "       [-3.29741870e-003,  1.18493579e+001, -5.04577129e-152, ...,\n",
      "        -6.27375284e-272, -2.76979889e-272, -1.14875037e-272],\n",
      "       [-1.16001402e-172, -5.04577129e-152,  3.44005784e+001, ...,\n",
      "        -1.19753434e-113, -5.74665033e-112, -2.59058689e-110],\n",
      "       ...,\n",
      "       [-2.03800871e-263, -6.27375284e-272, -1.19753434e-113, ...,\n",
      "         1.36163782e+001, -9.69233234e-001, -8.82496903e-001],\n",
      "       [-4.01558604e-264, -2.76979889e-272, -5.74665033e-112, ...,\n",
      "        -9.69233234e-001,  1.35321315e+001, -9.69233234e-001],\n",
      "       [-7.43273128e-265, -1.14875037e-272, -2.59058689e-110, ...,\n",
      "        -8.82496903e-001, -9.69233234e-001,  1.32715641e+001]]), array([[ 1.48204005e+001, -2.58006960e-002, -9.14653229e-111, ...,\n",
      "        -7.54904236e-169, -2.66931188e-169, -9.06849038e-170],\n",
      "       [-2.58006960e-002,  1.45776616e+001, -1.47867809e-097, ...,\n",
      "        -2.69412374e-174, -1.59649246e-174, -9.08959273e-175],\n",
      "       [-9.14653229e-111, -1.47867809e-097,  4.54371849e+001, ...,\n",
      "        -5.37160791e-073, -6.39772332e-072, -7.32107447e-071],\n",
      "       ...,\n",
      "       [-7.54904236e-169, -2.69412374e-174, -5.37160791e-073, ...,\n",
      "         1.66136852e+001, -9.80198673e-001, -9.23116346e-001],\n",
      "       [-2.66931188e-169, -1.59649246e-174, -6.39772332e-072, ...,\n",
      "        -9.80198673e-001,  1.64688263e+001, -9.80198673e-001],\n",
      "       [-9.06849038e-170, -9.08959273e-175, -7.32107447e-071, ...,\n",
      "        -9.23116346e-001, -9.80198673e-001,  1.61937685e+001]]), array([[ 1.87479291e+001, -7.88798843e-002, -3.83889190e-077, ...,\n",
      "        -1.77229501e-117, -8.60992815e-118, -4.06817197e-118],\n",
      "       [-7.88798843e-002,  1.73298674e+001, -5.71290094e-068, ...,\n",
      "        -2.92124334e-121, -2.03120975e-121, -1.37365627e-121],\n",
      "       [-3.83889190e-077, -5.71290094e-068,  5.67018290e+001, ...,\n",
      "        -6.49489948e-051, -3.62860671e-050, -1.97171267e-049],\n",
      "       ...,\n",
      "       [-1.77229501e-117, -2.92124334e-121, -6.49489948e-051, ...,\n",
      "         1.95874247e+001, -9.86207117e-001, -9.45959469e-001],\n",
      "       [-8.60992815e-118, -2.03120975e-121, -3.62860671e-050, ...,\n",
      "        -9.86207117e-001,  1.94294461e+001, -9.86207117e-001],\n",
      "       [-4.06817197e-118, -1.37365627e-121, -1.97171267e-049, ...,\n",
      "        -9.45959469e-001, -9.86207117e-001,  1.91822314e+001]]), array([[ 2.32182798e+01, -1.54741880e-01, -7.20748777e-57, ...,\n",
      "        -1.67268521e-86, -9.84149049e-87, -5.67341282e-87],\n",
      "       [-1.54741880e-01,  2.02720554e+01, -3.95252209e-50, ...,\n",
      "        -2.78029310e-89, -2.12885638e-89, -1.59712531e-89],\n",
      "       [-7.20748777e-57, -3.95252209e-50,  6.84045639e+01, ...,\n",
      "        -1.34154189e-37, -4.74835958e-37, -1.64672018e-36],\n",
      "       ...,\n",
      "       [-1.67268521e-86, -2.78029310e-89, -1.34154189e-37, ...,\n",
      "         2.28346386e+01, -9.89847803e-01, -9.60005441e-01],\n",
      "       [-9.84149049e-87, -2.12885638e-89, -4.74835958e-37, ...,\n",
      "        -9.89847803e-01,  2.26621351e+01, -9.89847803e-01],\n",
      "       [-5.67341282e-87, -1.59712531e-89, -1.64672018e-36, ...,\n",
      "        -9.60005441e-01, -9.89847803e-01,  2.24356273e+01]]), array([[ 2.84823906e+01, -2.39631289e-01, -1.03780512e-43, ...,\n",
      "        -2.12471904e-66, -1.41558918e-66, -9.28511117e-67],\n",
      "       [-2.39631289e-01,  2.35919524e+01, -1.49875930e-38, ...,\n",
      "        -1.58263896e-68, -1.29006639e-68, -1.03527664e-68],\n",
      "       [-1.03780512e-43, -1.49875930e-38,  8.09966321e+01, ...,\n",
      "        -5.88263624e-29, -1.54829494e-28, -4.01189484e-28],\n",
      "       ...,\n",
      "       [-2.12471904e-66, -1.58263896e-68, -5.88263624e-29, ...,\n",
      "         2.66127634e+01, -9.92217938e-01, -9.69233234e-01],\n",
      "       [-1.41558918e-66, -1.29006639e-68, -1.54829494e-28, ...,\n",
      "        -9.92217938e-01,  2.64132561e+01, -9.92217938e-01],\n",
      "       [-9.28511117e-67, -1.03527664e-68, -4.01189484e-28, ...,\n",
      "        -9.69233234e-01, -9.92217938e-01,  2.61860871e+01]]), array([[ 3.46429437e+01, -3.23416955e-01, -1.08999583e-34, ...,\n",
      "        -1.28961611e-52, -9.35644569e-53, -6.70501402e-53],\n",
      "       [-3.23416955e-01,  2.74392438e+01, -1.30064427e-30, ...,\n",
      "        -2.68621776e-54, -2.28560996e-54, -1.92088500e-54],\n",
      "       [-1.08999583e-34, -1.30064427e-30,  9.48110758e+01, ...,\n",
      "        -4.94853490e-23, -1.06304357e-22, -2.25560908e-22],\n",
      "       ...,\n",
      "       [-1.28961611e-52, -2.68621776e-54, -4.94853490e-23, ...,\n",
      "         3.10524345e+01, -9.93846173e-01, -9.75610980e-01],\n",
      "       [-9.35644569e-53, -2.28560996e-54, -1.06304357e-22, ...,\n",
      "        -9.93846173e-01,  3.08234716e+01, -9.93846173e-01],\n",
      "       [-6.70501402e-53, -1.92088500e-54, -2.25560908e-22, ...,\n",
      "        -9.75610980e-01, -9.93846173e-01,  3.05837479e+01]]), array([[ 4.16711609e+01, -4.00781674e-01, -3.09253140e-28, ...,\n",
      "        -9.32122445e-43, -7.18786364e-43, -5.48761645e-43],\n",
      "       [-4.00781674e-01,  3.18992404e+01, -6.20109536e-25, ...,\n",
      "        -4.05139311e-44, -3.55460803e-44, -3.08770717e-44],\n",
      "       [-3.09253140e-28, -6.20109536e-25,  1.09921850e+02, ...,\n",
      "        -8.56103113e-19, -1.59039999e-18, -2.92512013e-18],\n",
      "       ...,\n",
      "       [-9.32122445e-43, -4.05139311e-44, -8.56103113e-19, ...,\n",
      "         3.61675996e+01, -9.95012479e-01, -9.80198673e-01],\n",
      "       [-7.18786364e-43, -3.55460803e-44, -1.59039999e-18, ...,\n",
      "        -9.95012479e-01,  3.59186513e+01, -9.95012479e-01],\n",
      "       [-5.48761645e-43, -3.08770717e-44, -2.92512013e-18, ...,\n",
      "        -9.80198673e-01, -9.95012479e-01,  3.56684427e+01]]), array([[ 4.94645929e+01, -4.69704449e-01, -1.83959581e-23, ...,\n",
      "        -1.83665356e-35, -1.48164330e-35, -1.18541622e-35],\n",
      "       [-4.69704449e-01,  3.70064067e+01, -9.85769882e-21, ...,\n",
      "        -1.37567556e-36, -1.23470556e-36, -1.09906044e-36],\n",
      "       [-1.83959581e-23, -9.85769882e-21,  1.26200410e+02, ...,\n",
      "        -1.17004717e-15, -1.95209580e-15, -3.23005319e-15],\n",
      "       ...,\n",
      "       [-1.83665356e-35, -1.37567556e-36, -1.17004717e-15, ...,\n",
      "         4.19100114e+01, -9.95876295e-01, -9.83606928e-01],\n",
      "       [-1.48164330e-35, -1.23470556e-36, -1.95209580e-15, ...,\n",
      "        -9.95876295e-01,  4.16568673e+01, -9.95876295e-01],\n",
      "       [-1.18541622e-35, -1.09906044e-36, -3.23005319e-15, ...,\n",
      "        -9.83606928e-01, -9.95876295e-01,  4.14073351e+01]]), array([[ 5.78971913e+01, -5.29958139e-01, -7.87139073e-20, ...,\n",
      "        -6.48834604e-30, -5.41688832e-30, -4.49107002e-30],\n",
      "       [-5.29958139e-01,  4.27647820e+01, -1.54601667e-17, ...,\n",
      "        -7.35177038e-31, -6.71334078e-31, -6.08792815e-31],\n",
      "       [-7.87139073e-20, -1.54601667e-17,  1.43420178e+02, ...,\n",
      "        -2.83885433e-13, -4.36450479e-13, -6.66363050e-13],\n",
      "       ...,\n",
      "       [-6.48834604e-30, -7.35177038e-31, -2.83885433e-13, ...,\n",
      "         4.82143755e+01, -9.96533799e-01, -9.86207117e-01],\n",
      "       [-5.41688832e-30, -6.71334078e-31, -4.36450479e-13, ...,\n",
      "        -9.96533799e-01,  4.79734627e+01, -9.96533799e-01],\n",
      "       [-4.49107002e-30, -6.08792815e-31, -6.66363050e-13, ...,\n",
      "        -9.86207117e-01, -9.96533799e-01,  4.77386550e+01]]), array([[ 6.68503750e+01, -5.82149105e-01, -5.27326212e-17, ...,\n",
      "        -1.34854567e-25, -1.15631677e-25, -9.85639716e-26],\n",
      "       [-5.82149105e-01,  4.91614389e+01, -4.74260342e-15, ...,\n",
      "        -2.10875567e-26, -1.95168310e-26, -1.79565355e-26],\n",
      "       [-5.27326212e-17, -4.74260342e-15,  1.61334141e+02, ...,\n",
      "        -2.03791951e-11, -2.93999750e-11, -4.21635437e-11],\n",
      "       ...,\n",
      "       [-1.34854567e-25, -2.10875567e-26, -2.03791951e-11, ...,\n",
      "         5.50211307e+01, -9.97045792e-01, -9.88235431e-01],\n",
      "       [-1.15631677e-25, -1.95168310e-26, -2.93999750e-11, ...,\n",
      "        -9.97045792e-01,  5.48060464e+01, -9.97045792e-01],\n",
      "       [-9.85639716e-26, -1.79565355e-26, -4.21635437e-11, ...,\n",
      "        -9.88235431e-01, -9.97045792e-01,  5.45985837e+01]]), array([[ 7.62279835e+01, -6.27194104e-01, -9.21395270e-15, ...,\n",
      "        -3.59628046e-22, -3.14967120e-22, -2.74448649e-22],\n",
      "       [-6.27194104e-01,  5.61735457e+01, -4.45880600e-13, ...,\n",
      "        -7.26143820e-23, -6.79260860e-23, -6.32171260e-23],\n",
      "       [-9.21395270e-15, -4.45880600e-13,  1.79715923e+02, ...,\n",
      "        -6.05202982e-10, -8.30110486e-10, -1.13280446e-09],\n",
      "       ...,\n",
      "       [-3.59628046e-22, -7.26143820e-23, -6.05202982e-10, ...,\n",
      "         6.22836391e+01, -9.97452231e-01, -9.89847803e-01],\n",
      "       [-3.14967120e-22, -6.79260860e-23, -8.30110486e-10, ...,\n",
      "        -9.97452231e-01,  6.21037766e+01, -9.97452231e-01],\n",
      "       [-2.74448649e-22, -6.32171260e-23, -1.13280446e-09, ...,\n",
      "        -9.89847803e-01, -9.97452231e-01,  6.19327867e+01]]), array([[ 8.59602260e+01, -6.66061916e-01, -5.93571365e-13, ...,\n",
      "        -2.08816957e-19, -1.86037256e-19, -1.65007578e-19],\n",
      "       [-6.66061916e-01,  6.37723645e+01, -1.74219624e-11, ...,\n",
      "        -5.18192160e-20, -4.88923333e-20, -4.59261978e-20],\n",
      "       [-5.93571365e-13, -1.74219624e-11,  1.98375503e+02, ...,\n",
      "        -9.33279206e-09, -1.22901840e-08, -1.61129471e-08],\n",
      "       ...,\n",
      "       [-2.08816957e-19, -5.18192160e-20, -9.33279206e-09, ...,\n",
      "         6.99682322e+01, -9.97780245e-01, -9.91150500e-01],\n",
      "       [-1.86037256e-19, -4.88923333e-20, -1.22901840e-08, ...,\n",
      "        -9.97780245e-01,  6.98287474e+01, -9.97780245e-01],\n",
      "       [-1.65007578e-19, -4.59261978e-20, -1.61129471e-08, ...,\n",
      "        -9.91150500e-01, -9.97780245e-01,  6.96994062e+01]]), array([[ 9.60012796e+01, -6.99658124e-01, -1.79485328e-11, ...,\n",
      "        -3.81790728e-17, -3.44932653e-17, -3.10417915e-17],\n",
      "       [-6.99658124e-01,  7.19262026e+01, -3.49891162e-10, ...,\n",
      "        -1.12161927e-17, -1.06574429e-17, -1.00870484e-17],\n",
      "       [-1.79485328e-11, -3.49891162e-10,  2.17161174e+02, ...,\n",
      "        -8.75775917e-08, -1.11548420e-07, -1.41526376e-07],\n",
      "       ...,\n",
      "       [-3.81790728e-17, -1.12161927e-17, -8.75775917e-08, ...,\n",
      "         7.80520919e+01, -9.98048781e-01, -9.92217938e-01],\n",
      "       [-3.44932653e-17, -1.06574429e-17, -1.11548420e-07, ...,\n",
      "        -9.98048781e-01,  7.79545396e+01, -9.98048781e-01],\n",
      "       [-3.10417915e-17, -1.00870484e-17, -1.41526376e-07, ...,\n",
      "        -9.92217938e-01, -9.98048781e-01,  7.78684930e+01]]), array([[ 1.06324185e+02, -7.28782396e-01, -3.02745397e-10, ...,\n",
      "        -2.86131084e-15, -2.61522218e-15, -2.38204189e-15],\n",
      "       [-7.28782396e-01,  8.06029342e+01, -4.20427864e-09, ...,\n",
      "        -9.66785742e-16, -9.23999795e-16, -8.80056922e-16],\n",
      "       [-3.02745397e-10, -4.20427864e-09,  2.35955324e+02, ...,\n",
      "        -5.60117213e-07, -6.93987556e-07, -8.56883337e-07],\n",
      "       ...,\n",
      "       [-2.86131084e-15, -9.66785742e-16, -5.60117213e-07, ...,\n",
      "         8.65210210e+01, -9.98271392e-01, -9.93103476e-01],\n",
      "       [-2.61522218e-15, -9.23999795e-16, -6.93987556e-07, ...,\n",
      "        -9.98271392e-01,  8.64642163e+01, -9.98271392e-01],\n",
      "       [-2.38204189e-15, -8.80056922e-16, -8.56883337e-07, ...,\n",
      "        -9.93103476e-01, -9.98271392e-01,  8.64203528e+01]]), array([[ 1.16915437e+02, -7.54120412e-01, -3.23114323e-09, ...,\n",
      "        -1.06565128e-13, -9.83507611e-14, -9.04898613e-14],\n",
      "       [-7.54120412e-01,  8.97720629e+01, -3.37706666e-08, ...,\n",
      "        -4.04841760e-14, -3.88821732e-14, -3.72284831e-14],\n",
      "       [-3.23114323e-09, -3.37706666e-08,  2.54668261e+02, ...,\n",
      "        -2.65227871e-06, -3.21098123e-06, -3.87539486e-06],\n",
      "       ...,\n",
      "       [-1.06565128e-13, -4.04841760e-14, -2.65227871e-06, ...,\n",
      "         9.53676399e+01, -9.98457980e-01, -9.93846173e-01],\n",
      "       [-9.83507611e-14, -3.88821732e-14, -3.21098123e-06, ...,\n",
      "        -9.98457980e-01,  9.53484903e+01, -9.98457980e-01],\n",
      "       [-9.04898613e-14, -3.72284831e-14, -3.87539486e-06, ...,\n",
      "        -9.93846173e-01, -9.98457980e-01,  9.53437472e+01]]), array([[ 1.27770479e+02, -7.76251006e-01, -2.39656051e-08, ...,\n",
      "        -2.27611776e-12, -2.11800963e-12, -1.96543236e-12],\n",
      "       [-7.76251006e-01,  9.94061954e+01, -1.96930317e-07, ...,\n",
      "        -9.54873439e-13, -9.20891007e-13, -8.85661201e-13],\n",
      "       [-2.39656051e-08, -1.96930317e-07,  2.73232171e+02, ...,\n",
      "        -9.88916397e-06, -1.17400339e-05, -1.38987613e-05],\n",
      "       ...,\n",
      "       [-2.27611776e-12, -9.54873439e-13, -9.88916397e-06, ...,\n",
      "         1.04589974e+02, -9.98615917e-01, -9.94475152e-01],\n",
      "       [-2.11800963e-12, -9.20891007e-13, -1.17400339e-05, ...,\n",
      "        -9.98615917e-01,  1.04604164e+02, -9.98615917e-01],\n",
      "       [-1.96543236e-12, -8.85661201e-13, -1.38987613e-05, ...,\n",
      "        -9.94475152e-01, -9.98615917e-01,  1.04634207e+02]]), array([[ 1.38890441e+02, -7.95658971e-01, -1.32610688e-07, ...,\n",
      "        -3.10719308e-11, -2.91172233e-11, -2.72173562e-11],\n",
      "       [-7.95658971e-01,  1.09481910e+02, -8.87395256e-07, ...,\n",
      "        -1.41873439e-11, -1.37308660e-11, -1.32558941e-11],\n",
      "       [-1.32610688e-07, -8.87395256e-07,  2.91596040e+02, ...,\n",
      "        -3.04180605e-05, -3.55121193e-05, -4.13557524e-05],\n",
      "       ...,\n",
      "       [-3.10719308e-11, -1.41873439e-11, -3.04180605e-05, ...,\n",
      "         1.14190275e+02, -9.98750781e-01, -9.95012479e-01],\n",
      "       [-2.91172233e-11, -1.37308660e-11, -3.55121193e-05, ...,\n",
      "        -9.98750781e-01,  1.14232764e+02, -9.98750781e-01],\n",
      "       [-2.72173562e-11, -1.32558941e-11, -4.13557524e-05, ...,\n",
      "        -9.95012479e-01, -9.98750781e-01,  1.14292493e+02]]), array([[ 1.50280010e+02, -8.12748974e-01, -5.78064089e-07, ...,\n",
      "        -2.94624085e-10, -2.77762384e-10, -2.61272572e-10],\n",
      "       [-8.12748974e-01,  1.19980113e+02, -3.24163275e-06, ...,\n",
      "        -1.44695328e-10, -1.40466195e-10, -1.36051813e-10],\n",
      "       [-5.78064089e-07, -3.24163275e-06,  3.09721738e+02, ...,\n",
      "        -7.99957911e-05, -9.20577593e-05, -1.05698511e-04],\n",
      "       ...,\n",
      "       [-2.94624085e-10, -1.44695328e-10, -7.99957911e-05, ...,\n",
      "         1.24173950e+02, -9.98866856e-01, -9.95475121e-01],\n",
      "       [-2.77762384e-10, -1.40466195e-10, -9.20577593e-05, ...,\n",
      "        -9.98866856e-01,  1.24239313e+02, -9.98866856e-01],\n",
      "       [-2.61272572e-10, -1.36051813e-10, -1.05698511e-04, ...,\n",
      "        -9.95475121e-01, -9.98866856e-01,  1.24323197e+02]]), array([[ 1.61946127e+02, -8.27858607e-01, -2.07100240e-06, ...,\n",
      "        -2.07017382e-09, -1.96194087e-09, -1.85552887e-09],\n",
      "       [-8.27858607e-01,  1.30886024e+02, -9.96423327e-06, ...,\n",
      "        -1.08300137e-09, -1.05412194e-09, -1.02389493e-09],\n",
      "       [-2.07100240e-06, -9.96423327e-06,  3.27581158e+02, ...,\n",
      "        -1.84948512e-04, -2.10196404e-04, -2.38397896e-04],\n",
      "       ...,\n",
      "       [-2.07017382e-09, -1.08300137e-09, -1.84948512e-04, ...,\n",
      "         1.34548571e+02, -9.98967476e-01, -9.95876295e-01],\n",
      "       [-1.96194087e-09, -1.05412194e-09, -2.10196404e-04, ...,\n",
      "        -9.98967476e-01,  1.34631209e+02, -9.98967476e-01],\n",
      "       [-1.85552887e-09, -1.02389493e-09, -2.38397896e-04, ...,\n",
      "        -9.95876295e-01, -9.98967476e-01,  1.34733502e+02]]), array([[ 1.73897228e+02, -8.41269846e-01, -6.30494508e-06, ...,\n",
      "        -1.13428134e-08, -1.07990042e-08, -1.02618500e-08],\n",
      "       [-8.41269846e-01,  1.42188919e+02, -2.65403760e-05, ...,\n",
      "        -6.27016128e-09, -6.11700840e-09, -5.95632614e-09],\n",
      "       [-6.30494508e-06, -2.65403760e-05,  3.45154213e+02, ...,\n",
      "        -3.84236398e-04, -4.31961895e-04, -4.84698192e-04],\n",
      "       ...,\n",
      "       [-1.13428134e-08, -6.27016128e-09, -3.84236398e-04, ...,\n",
      "         1.45322959e+02, -9.99055267e-01, -9.96226420e-01],\n",
      "       [-1.07990042e-08, -6.11700840e-09, -4.31961895e-04, ...,\n",
      "        -9.99055267e-01,  1.45417226e+02, -9.99055267e-01],\n",
      "       [-1.02618500e-08, -5.95632614e-09, -4.84698192e-04, ...,\n",
      "        -9.96226420e-01, -9.99055267e-01,  1.45532095e+02]]), array([[ 1.86142783e+02, -8.53218752e-01, -1.67499250e-05, ...,\n",
      "        -5.04700228e-08, -4.82433514e-08, -4.60349267e-08],\n",
      "       [-8.53218752e-01,  1.53881720e+02, -6.27051980e-05, ...,\n",
      "        -2.92818144e-08, -2.86242867e-08, -2.79329870e-08],\n",
      "       [-1.67499250e-05, -6.27051980e-05,  3.62427495e+02, ...,\n",
      "        -7.29937670e-04, -8.12800091e-04, -9.03499105e-04],\n",
      "       ...,\n",
      "       [-5.04700228e-08, -2.92818144e-08, -7.29937670e-04, ...,\n",
      "         1.56506371e+02, -9.99132321e-01, -9.96533799e-01],\n",
      "       [-4.82433514e-08, -2.86242867e-08, -8.12800091e-04, ...,\n",
      "        -9.99132321e-01,  1.56606661e+02, -9.99132321e-01],\n",
      "       [-4.60349267e-08, -2.79329870e-08, -9.03499105e-04, ...,\n",
      "        -9.96533799e-01, -9.99132321e-01,  1.56728277e+02]]), array([[ 1.98692983e+02, -8.63903546e-01, -3.96689092e-05, ...,\n",
      "        -1.88415087e-07, -1.80740705e-07, -1.73101727e-07],\n",
      "       [-8.63903546e-01,  1.65960502e+02, -1.33904430e-04, ...,\n",
      "        -1.14081888e-07, -1.11718906e-07, -1.09229961e-07],\n",
      "       [-3.96689092e-05, -1.33904430e-04,  3.79393417e+02, ...,\n",
      "        -1.28589105e-03, -1.41984527e-03, -1.56524741e-03],\n",
      "       ...,\n",
      "       [-1.88415087e-07, -1.14081888e-07, -1.28589105e-03, ...,\n",
      "         1.68107831e+02, -9.99200320e-01, -9.96805115e-01],\n",
      "       [-1.80740705e-07, -1.11718906e-07, -1.41984527e-03, ...,\n",
      "        -9.99200320e-01,  1.68208641e+02, -9.99200320e-01],\n",
      "       [-1.73101727e-07, -1.09229961e-07, -1.56524741e-03, ...,\n",
      "        -9.96805115e-01, -9.99200320e-01,  1.68331240e+02]]), array([[ 2.11558460e+02, -8.73491249e-01, -8.52157440e-05, ...,\n",
      "        -6.05991336e-07, -5.83135130e-07, -5.60311516e-07],\n",
      "       [-8.73491249e-01,  1.78423928e+02, -2.62424394e-04, ...,\n",
      "        -3.81071585e-07, -3.73768179e-07, -3.66062833e-07],\n",
      "       [-8.52157440e-05, -2.62424394e-04,  3.96049676e+02, ...,\n",
      "        -2.12469579e-03, -2.32855629e-03, -2.54820449e-03],\n",
      "       ...,\n",
      "       [-6.05991336e-07, -3.81071585e-07, -2.12469579e-03, ...,\n",
      "         1.80135591e+02, -9.99260628e-01, -9.97045792e-01],\n",
      "       [-5.83135130e-07, -3.73768179e-07, -2.32855629e-03, ...,\n",
      "        -9.99260628e-01,  1.80231573e+02, -9.99260628e-01],\n",
      "       [-5.60311516e-07, -3.66062833e-07, -2.54820449e-03, ...,\n",
      "        -9.97045792e-01, -9.99260628e-01,  1.80349515e+02]]), array([[ 2.24749978e+02, -8.82123107e-01, -1.68414910e-04, ...,\n",
      "        -1.71591435e-06, -1.65581694e-06, -1.59563406e-06],\n",
      "       [-8.82123107e-01,  1.91272658e+02, -4.77915315e-04, ...,\n",
      "        -1.11604667e-06, -1.09619830e-06, -1.07522698e-06],\n",
      "       [-1.68414910e-04, -4.77915315e-04,  4.12398923e+02, ...,\n",
      "        -3.32359820e-03, -3.61830918e-03, -3.93375305e-03],\n",
      "       ...,\n",
      "       [-1.71591435e-06, -1.11604667e-06, -3.32359820e-03, ...,\n",
      "         1.92596726e+02, -9.99314364e-01, -9.97260276e-01],\n",
      "       [-1.65581694e-06, -1.09619830e-06, -3.61830918e-03, ...,\n",
      "        -9.99314364e-01,  1.92682739e+02, -9.99314364e-01],\n",
      "       [-1.59563406e-06, -1.07522698e-06, -3.93375305e-03, ...,\n",
      "        -9.97260276e-01, -9.99314364e-01,  1.92790560e+02]]), array([[ 2.38278092e+02, -8.89919026e-01, -3.09821459e-04, ...,\n",
      "        -4.35475161e-06, -4.21275599e-06, -4.07019554e-06],\n",
      "       [-8.89919026e-01,  2.04508724e+02, -8.17155380e-04, ...,\n",
      "        -2.91914496e-06, -2.87084105e-06, -2.81973754e-06],\n",
      "       [-3.09821459e-04, -8.17155380e-04,  4.28448507e+02, ...,\n",
      "        -4.95992677e-03, -5.36764735e-03, -5.80147918e-03],\n",
      "       ...,\n",
      "       [-4.35475161e-06, -2.91914496e-06, -4.95992677e-03, ...,\n",
      "         2.05496831e+02, -9.99362448e-01, -9.97452231e-01],\n",
      "       [-4.21275599e-06, -2.87084105e-06, -5.36764735e-03, ...,\n",
      "        -9.99362448e-01,  2.05567984e+02, -9.99362448e-01],\n",
      "       [-4.07019554e-06, -2.81973754e-06, -5.80147918e-03, ...,\n",
      "        -9.97452231e-01, -9.99362448e-01,  2.05660454e+02]]), array([[ 2.52152745e+02, -8.96981190e-01, -5.35712184e-04, ...,\n",
      "        -1.00534577e-05, -9.74752041e-06, -9.43966214e-06],\n",
      "       [-8.96981190e-01,  2.18134897e+02, -1.32305438e-03, ...,\n",
      "        -6.92438203e-06, -6.81750790e-06, -6.70430675e-06],\n",
      "       [-5.35712184e-04, -1.32305438e-03,  4.44210225e+02, ...,\n",
      "        -7.10669677e-03, -7.64981923e-03, -8.22466386e-03],\n",
      "       ...,\n",
      "       [-1.00534577e-05, -6.92438203e-06, -7.10669677e-03, ...,\n",
      "         2.18839794e+02, -9.99405646e-01, -9.97624704e-01],\n",
      "       [-9.74752041e-06, -6.81750790e-06, -7.64981923e-03, ...,\n",
      "        -9.99405646e-01,  2.18891490e+02, -9.99405646e-01],\n",
      "       [-9.43966214e-06, -6.70430675e-06, -8.22466386e-03, ...,\n",
      "        -9.97624704e-01, -9.99405646e-01,  2.18963657e+02]]), array([[ 2.66382848e+02, -9.03397014e-01, -8.77744739e-04, ...,\n",
      "        -2.13767383e-05, -2.07682537e-05, -2.01546830e-05],\n",
      "       [-9.03397014e-01,  2.32154065e+02, -2.04302776e-03, ...,\n",
      "        -1.50876885e-05, -1.48699734e-05, -1.46391251e-05],\n",
      "       [-8.77744739e-04, -2.04302776e-03,  4.59700007e+02, ...,\n",
      "        -9.82885430e-03, -1.05290599e-02, -1.12666226e-02],\n",
      "       ...,\n",
      "       [-2.13767383e-05, -1.50876885e-05, -9.82885430e-03, ...,\n",
      "         2.32627622e+02, -9.99444599e-01, -9.97780245e-01],\n",
      "       [-2.07682537e-05, -1.48699734e-05, -1.05290599e-02, ...,\n",
      "        -9.99444599e-01,  2.32655591e+02, -9.99444599e-01],\n",
      "       [-2.01546830e-05, -1.46391251e-05, -1.12666226e-02, ...,\n",
      "        -9.97780245e-01, -9.99444599e-01,  2.32702823e+02]]), array([[ 2.80975839e+02, -9.09241558e-01, -1.37211214e-03, ...,\n",
      "        -4.23034667e-05, -4.11747125e-05, -4.00343952e-05],\n",
      "       [-9.09241558e-01,  2.46568636e+02, -3.02695579e-03, ...,\n",
      "        -3.05254635e-05, -3.01127514e-05, -2.96747242e-05],\n",
      "       [-1.37211214e-03, -3.02695579e-03,  4.74937498e+02, ...,\n",
      "        -1.31804389e-02, -1.40578692e-02, -1.49781164e-02],\n",
      "       ...,\n",
      "       [-4.23034667e-05, -3.05254635e-05, -1.31804389e-02, ...,\n",
      "         2.46860296e+02, -9.99479844e-01, -9.97920999e-01],\n",
      "       [-4.11747125e-05, -3.01127514e-05, -1.40578692e-02, ...,\n",
      "        -9.99479844e-01,  2.46860625e+02, -9.99479844e-01],\n",
      "       [-4.00343952e-05, -2.96747242e-05, -1.49781164e-02, ...,\n",
      "        -9.97920999e-01, -9.99479844e-01,  2.46878647e+02]]), array([[ 2.95937277e+02, -9.14579516e-01, -2.05829319e-03, ...,\n",
      "        -7.86061172e-05, -7.66361321e-05, -7.46425889e-05],\n",
      "       [-9.14579516e-01,  2.61379989e+02, -4.32497143e-03, ...,\n",
      "        -5.78710505e-05, -5.71364501e-05, -5.63561123e-05],\n",
      "       [-2.05829319e-03, -4.32497143e-03,  4.89945544e+02, ...,\n",
      "        -1.72027647e-02, -1.82753564e-02, -1.93958736e-02],\n",
      "       ...,\n",
      "       [-7.86061172e-05, -5.78710505e-05, -1.72027647e-02, ...,\n",
      "         2.61535655e+02, -9.99511838e-01, -9.98048781e-01],\n",
      "       [-7.66361321e-05, -5.71364501e-05, -1.82753564e-02, ...,\n",
      "        -9.99511838e-01,  2.61504808e+02, -9.99511838e-01],\n",
      "       [-7.46425889e-05, -5.63561123e-05, -1.93958736e-02, ...,\n",
      "        -9.98048781e-01, -9.99511838e-01,  2.61489728e+02]]), array([[ 3.11270470e+02, -9.19466848e-01, -2.97754303e-03, ...,\n",
      "        -1.38180726e-04, -1.34921956e-04, -1.31619121e-04],\n",
      "       [-9.19466848e-01,  2.76587997e+02, -5.98530342e-03, ...,\n",
      "        -1.03607375e-04, -1.02370238e-04, -1.01055034e-04],\n",
      "       [-2.97754303e-03, -5.98530342e-03,  5.04749567e+02, ...,\n",
      "        -2.19235806e-02, -2.32065850e-02, -2.45421263e-02],\n",
      "       ...,\n",
      "       [-1.38180726e-04, -1.03607375e-04, -2.19235806e-02, ...,\n",
      "         2.76649298e+02, -9.99540969e-01, -9.98165138e-01],\n",
      "       [-1.34921956e-04, -1.02370238e-04, -2.32065850e-02, ...,\n",
      "        -9.99540969e-01,  2.76584126e+02, -9.99540969e-01],\n",
      "       [-1.31619121e-04, -1.01055034e-04, -2.45421263e-02, ...,\n",
      "        -9.98165138e-01, -9.99540969e-01,  2.76532455e+02]]), array([[ 3.26976174e+02, -9.23952125e-01, -4.17128042e-03, ...,\n",
      "        -2.31281694e-04, -2.26139875e-04, -2.20921177e-04],\n",
      "       [-9.23952125e-01,  2.92190622e+02, -8.05235425e-03, ...,\n",
      "        -1.76332579e-04, -1.74348401e-04, -1.72237491e-04],\n",
      "       [-4.17128042e-03, -8.05235425e-03,  5.19376872e+02, ...,\n",
      "        -2.73570793e-02, -2.88627642e-02, -3.04249886e-02],\n",
      "       ...,\n",
      "       [-2.31281694e-04, -1.76332579e-04, -2.73570793e-02, ...,\n",
      "         2.92194504e+02, -9.99567568e-01, -9.98271392e-01],\n",
      "       [-2.26139875e-04, -1.74348401e-04, -2.88627642e-02, ...,\n",
      "        -9.99567568e-01,  2.92092257e+02, -9.99567568e-01],\n",
      "       [-2.20921177e-04, -1.72237491e-04, -3.04249886e-02, ...,\n",
      "        -9.98271392e-01, -9.99567568e-01,  2.92000916e+02]]), array([[ 3.43052375e+02, -9.28077651e-01, -5.67951638e-03, ...,\n",
      "        -3.70626586e-04, -3.62846080e-04, -3.54939044e-04],\n",
      "       [-9.28077651e-01,  3.08183609e+02, -1.05651331e-02, ...,\n",
      "        -2.86921851e-04, -2.83874155e-04, -2.80629653e-04],\n",
      "       [-5.67951638e-03, -1.05651331e-02,  5.33855911e+02, ...,\n",
      "        -3.35045793e-02, -3.52420971e-02, -3.70394724e-02],\n",
      "       ...,\n",
      "       [-3.70626586e-04, -2.86921851e-04, -3.35045793e-02, ...,\n",
      "         3.08162200e+02, -9.99591920e-01, -9.98368679e-01],\n",
      "       [-3.62846080e-04, -2.83874155e-04, -3.52420971e-02, ...,\n",
      "        -9.99591920e-01,  3.08020518e+02, -9.99591920e-01],\n",
      "       [-3.54939044e-04, -2.80629653e-04, -3.70394724e-02, ...,\n",
      "        -9.98368679e-01, -9.99591920e-01,  3.07886846e+02]]), array([[ 3.59494154e+02, -9.31880393e-01, -7.53943936e-03, ...,\n",
      "        -5.71352035e-04, -5.60008258e-04, -5.48466341e-04],\n",
      "       [-9.31880393e-01,  3.24560272e+02, -1.35561045e-02, ...,\n",
      "        -4.48560809e-04, -4.44055888e-04, -4.39257146e-04],\n",
      "       [-7.53943936e-03, -1.35561045e-02,  5.48215540e+02, ...,\n",
      "        -4.03556912e-02, -4.23310890e-02, -4.43689335e-02],\n",
      "       ...,\n",
      "       [-5.71352035e-04, -4.48560809e-04, -4.03556912e-02, ...,\n",
      "         3.24540943e+02, -9.99614272e-01, -9.98457980e-01],\n",
      "       [-5.60008258e-04, -4.44055888e-04, -4.23310890e-02, ...,\n",
      "        -9.99614272e-01,  3.24357857e+02, -9.99614272e-01],\n",
      "       [-5.48466341e-04, -4.39257146e-04, -4.43689335e-02, ...,\n",
      "        -9.98457980e-01, -9.99614272e-01,  3.24179607e+02]]), array([[ 3.76293642e+02, -9.35392750e-01, -9.78423697e-03, ...,\n",
      "        -8.50819283e-04, -8.34819127e-04, -8.18521747e-04],\n",
      "       [-9.35392750e-01,  3.41311381e+02, -1.70504634e-02, ...,\n",
      "        -6.76640901e-04, -6.70205992e-04, -6.63347555e-04],\n",
      "       [-9.78423697e-03, -1.70504634e-02,  5.62484297e+02, ...,\n",
      "        -4.78897926e-02, -5.01061340e-02, -5.23867674e-02],\n",
      "       ...,\n",
      "       [-8.50819283e-04, -6.76640901e-04, -4.78897926e-02, ...,\n",
      "         3.41316959e+02, -9.99634837e-01, -9.98540146e-01],\n",
      "       [-8.34819127e-04, -6.70205992e-04, -5.01061340e-02, ...,\n",
      "        -9.99634837e-01,  3.41090879e+02, -9.99634837e-01],\n",
      "       [-8.18521747e-04, -6.63347555e-04, -5.23867674e-02, ...,\n",
      "        -9.98540146e-01, -9.99634837e-01,  3.40866209e+02]]), array([[ 3.93440069e+02, -9.38643212e-01, -1.24421978e-02, ...,\n",
      "        -1.22828368e-03, -1.20637404e-03, -1.18403496e-03],\n",
      "       [-9.38643212e-01,  3.58425131e+02, -2.10658091e-02, ...,\n",
      "        -9.88522260e-04, -9.79607402e-04, -9.70100894e-04],\n",
      "       [-1.24421978e-02, -2.10658091e-02,  5.76689742e+02, ...,\n",
      "        -5.60776615e-02, -5.85352312e-02, -6.10582038e-02],\n",
      "       ...,\n",
      "       [-1.22828368e-03, -9.88522260e-04, -5.60776615e-02, ...,\n",
      "         3.58474220e+02, -9.99653800e-01, -9.98615917e-01],\n",
      "       [-1.20637404e-03, -9.79607402e-04, -5.85352312e-02, ...,\n",
      "        -9.99653800e-01,  3.58203917e+02, -9.99653800e-01],\n",
      "       [-1.18403496e-03, -9.70100894e-04, -6.10582038e-02, ...,\n",
      "        -9.98615917e-01, -9.99653800e-01,  3.57931382e+02]]), array([[ 4.10919878e+02, -9.41656899e-01, -1.55361051e-02, ...,\n",
      "        -1.72445450e-03, -1.69523831e-03, -1.66542179e-03],\n",
      "       [-9.41656899e-01,  3.75887205e+02, -2.56121663e-02, ...,\n",
      "        -1.40318208e-03, -1.39116554e-03, -1.37834540e-03],\n",
      "       [-1.55361051e-02, -2.56121663e-02,  5.90857876e+02, ...,\n",
      "        -6.48831449e-02, -6.75797108e-02, -7.03420845e-02],\n",
      "       ...,\n",
      "       [-1.72445450e-03, -1.40318208e-03, -6.48831449e-02, ...,\n",
      "         3.75994563e+02, -9.99671323e-01, -9.98685940e-01],\n",
      "       [-1.69523831e-03, -1.39116554e-03, -6.75797108e-02, ...,\n",
      "        -9.99671323e-01,  3.75679159e+02, -9.99671323e-01],\n",
      "       [-1.66542179e-03, -1.37834540e-03, -7.03420845e-02, ...,\n",
      "        -9.98685940e-01, -9.99671323e-01,  3.75357689e+02]]), array([[ 4.28716912e+02, -9.44456024e-01, -1.90829113e-02, ...,\n",
      "        -2.36097865e-03, -2.32293731e-03, -2.28408091e-03],\n",
      "       [-9.44456024e-01,  3.93680904e+02, -3.06922888e-02, ...,\n",
      "        -1.94077538e-03, -1.92497229e-03, -1.90810494e-03],\n",
      "       [-1.90829113e-02, -3.06922888e-02,  6.05012650e+02, ...,\n",
      "        -7.42647767e-02, -7.71958845e-02, -8.01925423e-02],\n",
      "       ...,\n",
      "       [-2.36097865e-03, -1.94077538e-03, -7.42647767e-02, ...,\n",
      "         3.93857855e+02, -9.99687549e-01, -9.98750781e-01],\n",
      "       [-2.32293731e-03, -1.92497229e-03, -7.71958845e-02, ...,\n",
      "        -9.99687549e-01,  3.93496796e+02, -9.99687549e-01],\n",
      "       [-2.28408091e-03, -1.90810494e-03, -8.01925423e-02, ...,\n",
      "        -9.98750781e-01, -9.99687549e-01,  3.93125682e+02]]), array([[ 4.46812656e+02, -9.47060283e-01, -2.30936622e-02, ...,\n",
      "        -3.15988448e-03, -3.11140513e-03, -3.06184757e-03],\n",
      "       [-9.47060283e-01,  4.11787330e+02, -3.63021781e-02, ...,\n",
      "        -2.62213968e-03, -2.60181329e-03, -2.58010915e-03],\n",
      "       [-2.30936622e-02, -3.63021781e-02,  6.19175579e+02, ...,\n",
      "        -8.41772800e-02, -8.73365627e-02, -9.05605283e-02],\n",
      "       ...,\n",
      "       [-3.15988448e-03, -2.62213968e-03, -8.41772800e-02, ...,\n",
      "         4.12042185e+02, -9.99702602e-01, -9.98810939e-01],\n",
      "       [-3.11140513e-03, -2.60181329e-03, -8.73365627e-02, ...,\n",
      "        -9.99702602e-01,  4.11635225e+02, -9.99702602e-01],\n",
      "       [-3.06184757e-03, -2.58010915e-03, -9.05605283e-02, ...,\n",
      "        -9.98810939e-01, -9.99702602e-01,  4.11214095e+02]]), array([[ 4.65186516e+02, -9.49487185e-01, -2.75736334e-02, ...,\n",
      "        -4.14302030e-03, -4.08242634e-03, -4.02043880e-03],\n",
      "       [-9.49487185e-01,  4.30185630e+02, -4.24317509e-02, ...,\n",
      "        -3.46827581e-03, -3.44265065e-03, -3.41527818e-03],\n",
      "       [-2.75736334e-02, -4.24317509e-02,  6.33365467e+02, ...,\n",
      "        -9.45729170e-02, -9.79524042e-02, -1.01395158e-01],\n",
      "       ...,\n",
      "       [-4.14302030e-03, -3.46827581e-03, -9.45729170e-02, ...,\n",
      "         4.30524092e+02, -9.99716593e-01, -9.98866856e-01],\n",
      "       [-4.08242634e-03, -3.44265065e-03, -9.79524042e-02, ...,\n",
